-1  4893  6000  7222  8095  7778  10000 8088  9155  8000    5714  10000  10000 -1 -1  9926
5107 -1  6222  3333  6667  7931  6951 4000  0000  6400    8667  10000 -1 -1 9428 -1
4000  3778 -1  4000  6667  6111  6000 10000  10000  6923    6383 -1 -1 8500  10000 -1
2778  6667  6000 -1  5479  6667  4000 4444  6667  10000   -1  6842  7928 -1 -1 -1
1905  10000  3333  4521 -1  10000 -1 0000  3333  10000   -1  6429  8235 -1 -1 -1
2222  2069  3889  3333  0000 -1  5714 0000 -1  6667 	  6286 -1 -1 8750 -1 -1
0000  3049  4000  6000 -1  4286 -1 0000 -1  6071    0000 -1 -1 10000  6667 -1
1912  6000  0000  5556  10000  10000  10000 -1  4857 -1   -1  0000  10000 -1 -1 -1
0845  10000  0000  3333  6666 -1 -1 5143 -1 -1    0000 -1  10000 -1 -1  10000
2000  3600  3077  0000  0000  3333  3929 -1 -1 -1    3333 -1 -1 10000 10000  -1
4286  1333  3617 -1 -1  3714  10000 -1  10000  3330   -1 -1 -1 10000 -1 -1
0000  0000 -1  3158  3571 -1 -1 10000 -1 -1   -1 -1  7500 -1 -1 -1
0000 -1 -1  2071  1765 -1 -1 0000  0000 -1   -1  2500 -1 -1 -1 -1
-1 -1  1500 -1 -1  1250  0000 -1 -1  0000    0000 -1 -1 -1 -1 -1
-1  0571  0000 -1 -1 -1  3330 -1 -1  0000   -1 -1 -1 -1 -1 -1
0074 -1 -1 -1 -1 -1 -1 -1  0000 -1   -1 -1 -1 -1 -1 -1